Downloading and preparing dataset csv/default to /home/ubuntu/.cache/huggingface/datasets/csv/default-95afd2f8872a4cef/0.0.0/6954658bab30a358235fa864b05cf819af0e179325c740e4bc853bcc7ec513e1...
Dataset csv downloaded and prepared to /home/ubuntu/.cache/huggingface/datasets/csv/default-95afd2f8872a4cef/0.0.0/6954658bab30a358235fa864b05cf819af0e179325c740e4bc853bcc7ec513e1. Subsequent calls will reuse this data.
{'encoder_input_ids': tensor([[250012,      6, 184207,  12766,    397,   1605,    519,    191,    342,
         110995, 157936,   2111, 118223,  13091,    610,   8924,   2111, 116722,
          13523,     37, 151209,   5522,  64664,  22134,    610,  40754,  88637,
            251,   2969,    327,   1562,  13871, 113466,     30,      2,      1,
              1,      1,      1,      1,      1,      1,      1,      1,      1,
              1,      1,      1,      1,      1,      1,      1,      1,      1,
              1,      1,      1,      1,      1,      1,      1,      1,      1,
              1,      1,      1,      1,      1,      1,      1,      1,      1,
              1,      1,      1,      1,      1,      1,      1,      1,      1,
              1,      1,      1,      1,      1,      1,      1,      1,      1,
              1,      1,      1,      1,      1,      1,      1,      1,      1,
              1,      1,      1,      1,      1,      1,      1,      1,      1,
              1,      1,      1,      1,      1,      1,      1,      1,      1,
              1,      1,      1,      1,      1,      1,      1,      1,      1,
              1,      1],
        [250005, 129719,      8,  39897,      4,    198,    220,  96233,  96394,
            113,     22,  92841,      8, 238228,     41,  15636,     22,     88,
          97228,    846,      8,    576,  72729, 166553,      7,      8,     21,
          39897,    353,   4935,  75628,  67081,      5,      2,      1,      1,
              1,      1,      1,      1,      1,      1,      1,      1,      1,
              1,      1,      1,      1,      1,      1,      1,      1,      1,
              1,      1,      1,      1,      1,      1,      1,      1,      1,
              1,      1,      1,      1,      1,      1,      1,      1,      1,
              1,      1,      1,      1,      1,      1,      1,      1,      1,
              1,      1,      1,      1,      1,      1,      1,      1,      1,
              1,      1,      1,      1,      1,      1,      1,      1,      1,
              1,      1,      1,      1,      1,      1,      1,      1,      1,
              1,      1,      1,      1,      1,      1,      1,      1,      1,
              1,      1,      1,      1,      1,      1,      1,      1,      1,
              1,      1]], dtype=torch.int32), 'encoder_attention_mask': tensor([[1, 1, 1, 1, 1, 1, 1, 1, 1, 1, 1, 1, 1, 1, 1, 1, 1, 1, 1, 1, 1, 1, 1, 1,
         1, 1, 1, 1, 1, 1, 1, 1, 1, 1, 1, 0, 0, 0, 0, 0, 0, 0, 0, 0, 0, 0, 0, 0,
         0, 0, 0, 0, 0, 0, 0, 0, 0, 0, 0, 0, 0, 0, 0, 0, 0, 0, 0, 0, 0, 0, 0, 0,
         0, 0, 0, 0, 0, 0, 0, 0, 0, 0, 0, 0, 0, 0, 0, 0, 0, 0, 0, 0, 0, 0, 0, 0,
         0, 0, 0, 0, 0, 0, 0, 0, 0, 0, 0, 0, 0, 0, 0, 0, 0, 0, 0, 0, 0, 0, 0, 0,
         0, 0, 0, 0, 0, 0, 0, 0],
        [1, 1, 1, 1, 1, 1, 1, 1, 1, 1, 1, 1, 1, 1, 1, 1, 1, 1, 1, 1, 1, 1, 1, 1,
         1, 1, 1, 1, 1, 1, 1, 1, 1, 1, 0, 0, 0, 0, 0, 0, 0, 0, 0, 0, 0, 0, 0, 0,
         0, 0, 0, 0, 0, 0, 0, 0, 0, 0, 0, 0, 0, 0, 0, 0, 0, 0, 0, 0, 0, 0, 0, 0,
         0, 0, 0, 0, 0, 0, 0, 0, 0, 0, 0, 0, 0, 0, 0, 0, 0, 0, 0, 0, 0, 0, 0, 0,
         0, 0, 0, 0, 0, 0, 0, 0, 0, 0, 0, 0, 0, 0, 0, 0, 0, 0, 0, 0, 0, 0, 0, 0,
         0, 0, 0, 0, 0, 0, 0, 0]], dtype=torch.int32), 'decoder_input_ids': tensor([[250012, 250055,      6, 184207,  12766, 210420,  13091,  13091,  83236,
            342, 110995, 157936,   2111, 116722,  13523,     37, 151209,   5522,
          64664,  22134,     37,  28699, 138303,   1130,    251,   8924,   2111,
         118223,  13091,    507,   1562,   1173, 144305,     30,      2,      1,
              1,      1,      1,      1,      1,      1,      1,      1,      1,
              1,      1,      1,      1,      1,      1,      1,      1,      1,
              1,      1,      1,      1,      1,      1,      1,      1,      1,
              1,      1,      1,      1,      1,      1,      1,      1,      1,
              1,      1,      1,      1,      1,      1,      1,      1,      1,
              1,      1,      1,      1,      1,      1,      1,      1,      1,
              1,      1,      1,      1,      1,      1,      1,      1,      1,
              1,      1,      1,      1,      1,      1,      1,      1,      1,
              1,      1,      1,      1,      1,      1,      1,      1,      1,
              1,      1,      1,      1,      1,      1,      1,      1,      1,
              1,      1],
        [250005, 250054, 129719,      8,  39897,      4,    198,    220,  96233,
          96394,    113,     22,  92841,      8, 238228, 122877,     85,     22,
             88,  97228,    846,      8,  72729, 166553,      7,      8,     21,
          39897,    353,   4935,  75628,  67081,      5,      2,      1,      1,
              1,      1,      1,      1,      1,      1,      1,      1,      1,
              1,      1,      1,      1,      1,      1,      1,      1,      1,
              1,      1,      1,      1,      1,      1,      1,      1,      1,
              1,      1,      1,      1,      1,      1,      1,      1,      1,
              1,      1,      1,      1,      1,      1,      1,      1,      1,
              1,      1,      1,      1,      1,      1,      1,      1,      1,
              1,      1,      1,      1,      1,      1,      1,      1,      1,
              1,      1,      1,      1,      1,      1,      1,      1,      1,
              1,      1,      1,      1,      1,      1,      1,      1,      1,
              1,      1,      1,      1,      1,      1,      1,      1,      1,
              1,      1]], dtype=torch.int32), 'decoder_attention_mask': tensor([[1, 1, 1, 1, 1, 1, 1, 1, 1, 1, 1, 1, 1, 1, 1, 1, 1, 1, 1, 1, 1, 1, 1, 1,
         1, 1, 1, 1, 1, 1, 1, 1, 1, 1, 1, 0, 0, 0, 0, 0, 0, 0, 0, 0, 0, 0, 0, 0,
         0, 0, 0, 0, 0, 0, 0, 0, 0, 0, 0, 0, 0, 0, 0, 0, 0, 0, 0, 0, 0, 0, 0, 0,
         0, 0, 0, 0, 0, 0, 0, 0, 0, 0, 0, 0, 0, 0, 0, 0, 0, 0, 0, 0, 0, 0, 0, 0,
         0, 0, 0, 0, 0, 0, 0, 0, 0, 0, 0, 0, 0, 0, 0, 0, 0, 0, 0, 0, 0, 0, 0, 0,
         0, 0, 0, 0, 0, 0, 0, 0],
        [1, 1, 1, 1, 1, 1, 1, 1, 1, 1, 1, 1, 1, 1, 1, 1, 1, 1, 1, 1, 1, 1, 1, 1,
         1, 1, 1, 1, 1, 1, 1, 1, 1, 1, 0, 0, 0, 0, 0, 0, 0, 0, 0, 0, 0, 0, 0, 0,
         0, 0, 0, 0, 0, 0, 0, 0, 0, 0, 0, 0, 0, 0, 0, 0, 0, 0, 0, 0, 0, 0, 0, 0,
         0, 0, 0, 0, 0, 0, 0, 0, 0, 0, 0, 0, 0, 0, 0, 0, 0, 0, 0, 0, 0, 0, 0, 0,
         0, 0, 0, 0, 0, 0, 0, 0, 0, 0, 0, 0, 0, 0, 0, 0, 0, 0, 0, 0, 0, 0, 0, 0,
         0, 0, 0, 0, 0, 0, 0, 0]], dtype=torch.int32), 'decoder_labels': tensor([[-100, -100, -100, -100, -100, -100, -100, -100, -100, -100, -100, -100,
         -100, -100, -100, -100, -100, -100, -100, -100, -100, -100, -100, -100,
         -100, -100, -100, -100, -100, -100, -100, -100, -100, -100, -100, -100,
         -100, -100, -100, -100, -100, -100, -100, -100, -100, -100, -100, -100,
         -100, -100, -100, -100, -100, -100, -100, -100, -100, -100, -100, -100,
         -100, -100, -100, -100, -100, -100, -100, -100, -100, -100, -100, -100,
         -100, -100, -100, -100, -100, -100, -100, -100, -100, -100, -100, -100,
         -100, -100, -100, -100, -100, -100, -100, -100, -100, -100, -100, -100,
         -100, -100, -100, -100, -100, -100, -100, -100, -100, -100, -100, -100,
         -100, -100, -100, -100, -100, -100, -100, -100, -100, -100, -100, -100,
         -100, -100, -100, -100, -100, -100, -100, -100],
        [-100, -100, -100, -100, -100, -100, -100, -100, -100, -100, -100, -100,
         -100, -100, -100, -100, -100, -100, -100, -100, -100, -100, -100, -100,
         -100, -100, -100, -100, -100, -100, -100, -100, -100, -100, -100, -100,
         -100, -100, -100, -100, -100, -100, -100, -100, -100, -100, -100, -100,
         -100, -100, -100, -100, -100, -100, -100, -100, -100, -100, -100, -100,
         -100, -100, -100, -100, -100, -100, -100, -100, -100, -100, -100, -100,
         -100, -100, -100, -100, -100, -100, -100, -100, -100, -100, -100, -100,
         -100, -100, -100, -100, -100, -100, -100, -100, -100, -100, -100, -100,
         -100, -100, -100, -100, -100, -100, -100, -100, -100, -100, -100, -100,
         -100, -100, -100, -100, -100, -100, -100, -100, -100, -100, -100, -100,
         -100, -100, -100, -100, -100, -100, -100, -100]], dtype=torch.int32), 'cls_label': tensor([0, 1], dtype=torch.int32)}
{'encoder_input_ids': tensor([[250012,      6,   4723,    635, 120186,    327,     37,   5126, 144274,
          19405,   8028, 224793,  19758,   3385, 110018,   4725, 148213,   1309,
         148213, 168606,    327,     37,  28699,  66361,  12248,   1353,      7,
            275,  69418,    327, 209691,   9575,     30,      2,      1,      1,
              1,      1,      1,      1,      1,      1,      1,      1,      1,
              1,      1,      1,      1,      1,      1,      1,      1,      1,
              1,      1,      1,      1,      1,      1,      1,      1,      1,
              1,      1,      1,      1,      1,      1,      1,      1,      1,
              1,      1,      1,      1,      1,      1,      1,      1,      1,
              1,      1,      1,      1,      1,      1,      1,      1,      1,
              1,      1,      1,      1,      1,      1,      1,      1,      1,
              1,      1,      1,      1,      1,      1,      1,      1,      1,
              1,      1,      1,      1,      1,      1,      1,      1,      1,
              1,      1,      1,      1,      1,      1,      1,      1,      1,
              1,      1],
        [250025,      6,  83757,  13738,  16418,    213,  39197,  39197,   2670,
           9744,  11366, 133095,    264,   7420,   8779,  34960,  11366, 232631,
           9288,  27953,    213,  16659,  23997,   2670,  31603,     30,      2,
              1,      1,      1,      1,      1,      1,      1,      1,      1,
              1,      1,      1,      1,      1,      1,      1,      1,      1,
              1,      1,      1,      1,      1,      1,      1,      1,      1,
              1,      1,      1,      1,      1,      1,      1,      1,      1,
              1,      1,      1,      1,      1,      1,      1,      1,      1,
              1,      1,      1,      1,      1,      1,      1,      1,      1,
              1,      1,      1,      1,      1,      1,      1,      1,      1,
              1,      1,      1,      1,      1,      1,      1,      1,      1,
              1,      1,      1,      1,      1,      1,      1,      1,      1,
              1,      1,      1,      1,      1,      1,      1,      1,      1,
              1,      1,      1,      1,      1,      1,      1,      1,      1,
              1,      1]], dtype=torch.int32), 'encoder_attention_mask': tensor([[1, 1, 1, 1, 1, 1, 1, 1, 1, 1, 1, 1, 1, 1, 1, 1, 1, 1, 1, 1, 1, 1, 1, 1,
         1, 1, 1, 1, 1, 1, 1, 1, 1, 1, 0, 0, 0, 0, 0, 0, 0, 0, 0, 0, 0, 0, 0, 0,
         0, 0, 0, 0, 0, 0, 0, 0, 0, 0, 0, 0, 0, 0, 0, 0, 0, 0, 0, 0, 0, 0, 0, 0,
         0, 0, 0, 0, 0, 0, 0, 0, 0, 0, 0, 0, 0, 0, 0, 0, 0, 0, 0, 0, 0, 0, 0, 0,
         0, 0, 0, 0, 0, 0, 0, 0, 0, 0, 0, 0, 0, 0, 0, 0, 0, 0, 0, 0, 0, 0, 0, 0,
         0, 0, 0, 0, 0, 0, 0, 0],
        [1, 1, 1, 1, 1, 1, 1, 1, 1, 1, 1, 1, 1, 1, 1, 1, 1, 1, 1, 1, 1, 1, 1, 1,
         1, 1, 1, 0, 0, 0, 0, 0, 0, 0, 0, 0, 0, 0, 0, 0, 0, 0, 0, 0, 0, 0, 0, 0,
         0, 0, 0, 0, 0, 0, 0, 0, 0, 0, 0, 0, 0, 0, 0, 0, 0, 0, 0, 0, 0, 0, 0, 0,
         0, 0, 0, 0, 0, 0, 0, 0, 0, 0, 0, 0, 0, 0, 0, 0, 0, 0, 0, 0, 0, 0, 0, 0,
         0, 0, 0, 0, 0, 0, 0, 0, 0, 0, 0, 0, 0, 0, 0, 0, 0, 0, 0, 0, 0, 0, 0, 0,
         0, 0, 0, 0, 0, 0, 0, 0]], dtype=torch.int32), 'decoder_input_ids': tensor([[250012, 250054,      6,   4723,    635, 120186,    327,     37,   5126,
         144274,  19405,   8028, 224793,  19758,  12248,   1353,      7,    275,
          69418,   1309, 148213, 168606,  13218,     37,  28699,   3385, 110018,
           4725, 148213, 135563, 209691,   9575,     30,      2,      1,      1,
              1,      1,      1,      1,      1,      1,      1,      1,      1,
              1,      1,      1,      1,      1,      1,      1,      1,      1,
              1,      1,      1,      1,      1,      1,      1,      1,      1,
              1,      1,      1,      1,      1,      1,      1,      1,      1,
              1,      1,      1,      1,      1,      1,      1,      1,      1,
              1,      1,      1,      1,      1,      1,      1,      1,      1,
              1,      1,      1,      1,      1,      1,      1,      1,      1,
              1,      1,      1,      1,      1,      1,      1,      1,      1,
              1,      1,      1,      1,      1,      1,      1,      1,      1,
              1,      1,      1,      1,      1,      1,      1,      1,      1,
              1,      1],
        [250025, 250054,   6376,  16659,  23997,   2670,      4,  39197,  39197,
           2670,   9744,  11366,    487,   9288,    264,   7420,   8779,  34960,
          11366, 232631,   9288,  46452,  31259,   6778,  13738,  16418,  43533,
           3327,     30,      2,      1,      1,      1,      1,      1,      1,
              1,      1,      1,      1,      1,      1,      1,      1,      1,
              1,      1,      1,      1,      1,      1,      1,      1,      1,
              1,      1,      1,      1,      1,      1,      1,      1,      1,
              1,      1,      1,      1,      1,      1,      1,      1,      1,
              1,      1,      1,      1,      1,      1,      1,      1,      1,
              1,      1,      1,      1,      1,      1,      1,      1,      1,
              1,      1,      1,      1,      1,      1,      1,      1,      1,
              1,      1,      1,      1,      1,      1,      1,      1,      1,
              1,      1,      1,      1,      1,      1,      1,      1,      1,
              1,      1,      1,      1,      1,      1,      1,      1,      1,
              1,      1]], dtype=torch.int32), 'decoder_attention_mask': tensor([[1, 1, 1, 1, 1, 1, 1, 1, 1, 1, 1, 1, 1, 1, 1, 1, 1, 1, 1, 1, 1, 1, 1, 1,
         1, 1, 1, 1, 1, 1, 1, 1, 1, 1, 0, 0, 0, 0, 0, 0, 0, 0, 0, 0, 0, 0, 0, 0,
         0, 0, 0, 0, 0, 0, 0, 0, 0, 0, 0, 0, 0, 0, 0, 0, 0, 0, 0, 0, 0, 0, 0, 0,
         0, 0, 0, 0, 0, 0, 0, 0, 0, 0, 0, 0, 0, 0, 0, 0, 0, 0, 0, 0, 0, 0, 0, 0,
         0, 0, 0, 0, 0, 0, 0, 0, 0, 0, 0, 0, 0, 0, 0, 0, 0, 0, 0, 0, 0, 0, 0, 0,
         0, 0, 0, 0, 0, 0, 0, 0],
        [1, 1, 1, 1, 1, 1, 1, 1, 1, 1, 1, 1, 1, 1, 1, 1, 1, 1, 1, 1, 1, 1, 1, 1,
         1, 1, 1, 1, 1, 1, 0, 0, 0, 0, 0, 0, 0, 0, 0, 0, 0, 0, 0, 0, 0, 0, 0, 0,
         0, 0, 0, 0, 0, 0, 0, 0, 0, 0, 0, 0, 0, 0, 0, 0, 0, 0, 0, 0, 0, 0, 0, 0,
         0, 0, 0, 0, 0, 0, 0, 0, 0, 0, 0, 0, 0, 0, 0, 0, 0, 0, 0, 0, 0, 0, 0, 0,
         0, 0, 0, 0, 0, 0, 0, 0, 0, 0, 0, 0, 0, 0, 0, 0, 0, 0, 0, 0, 0, 0, 0, 0,
         0, 0, 0, 0, 0, 0, 0, 0]], dtype=torch.int32), 'decoder_labels': tensor([[-100, -100, -100, -100, -100, -100, -100, -100, -100, -100, -100, -100,
         -100, -100, -100, -100, -100, -100, -100, -100, -100, -100, -100, -100,
         -100, -100, -100, -100, -100, -100, -100, -100, -100, -100, -100, -100,
         -100, -100, -100, -100, -100, -100, -100, -100, -100, -100, -100, -100,
         -100, -100, -100, -100, -100, -100, -100, -100, -100, -100, -100, -100,
         -100, -100, -100, -100, -100, -100, -100, -100, -100, -100, -100, -100,
         -100, -100, -100, -100, -100, -100, -100, -100, -100, -100, -100, -100,
         -100, -100, -100, -100, -100, -100, -100, -100, -100, -100, -100, -100,
         -100, -100, -100, -100, -100, -100, -100, -100, -100, -100, -100, -100,
         -100, -100, -100, -100, -100, -100, -100, -100, -100, -100, -100, -100,
         -100, -100, -100, -100, -100, -100, -100, -100],
        [-100, -100, -100, -100, -100, -100, -100, -100, -100, -100, -100, -100,
         -100, -100, -100, -100, -100, -100, -100, -100, -100, -100, -100, -100,
         -100, -100, -100, -100, -100, -100, -100, -100, -100, -100, -100, -100,
         -100, -100, -100, -100, -100, -100, -100, -100, -100, -100, -100, -100,
         -100, -100, -100, -100, -100, -100, -100, -100, -100, -100, -100, -100,
         -100, -100, -100, -100, -100, -100, -100, -100, -100, -100, -100, -100,
         -100, -100, -100, -100, -100, -100, -100, -100, -100, -100, -100, -100,
         -100, -100, -100, -100, -100, -100, -100, -100, -100, -100, -100, -100,
         -100, -100, -100, -100, -100, -100, -100, -100, -100, -100, -100, -100,
         -100, -100, -100, -100, -100, -100, -100, -100, -100, -100, -100, -100,
         -100, -100, -100, -100, -100, -100, -100, -100]], dtype=torch.int32), 'cls_label': tensor([0, 1], dtype=torch.int32)}
{'encoder_input_ids': tensor([[250003, 149240,   5180,    541,  20634,   1783,   4180,  19619,    491,
           1529,  18770, 135961,   1681,    644,    745, 136240,  21676, 109236,
            191,     23, 157512, 117286,  41955,      5,      2,      1,      1,
              1,      1,      1,      1,      1,      1,      1,      1,      1,
              1,      1,      1,      1,      1,      1,      1,      1,      1,
              1,      1,      1,      1,      1,      1,      1,      1,      1,
              1,      1,      1,      1,      1,      1,      1,      1,      1,
              1,      1,      1,      1,      1,      1,      1,      1,      1,
              1,      1,      1,      1,      1,      1,      1,      1,      1,
              1,      1,      1,      1,      1,      1,      1,      1,      1,
              1,      1,      1,      1,      1,      1,      1,      1,      1,
              1,      1,      1,      1,      1,      1,      1,      1,      1,
              1,      1,      1,      1,      1,      1,      1,      1,      1,
              1,      1,      1,      1,      1,      1,      1,      1,      1,
              1,      1],
        [250008,  19597,     96,     26,  63610, 179252,      4,     96,     26,
          67543,  12546,  84750,  15184, 151299,     90,     82,  84750,  69332,
          22786,      7,      5,      2,      1,      1,      1,      1,      1,
              1,      1,      1,      1,      1,      1,      1,      1,      1,
              1,      1,      1,      1,      1,      1,      1,      1,      1,
              1,      1,      1,      1,      1,      1,      1,      1,      1,
              1,      1,      1,      1,      1,      1,      1,      1,      1,
              1,      1,      1,      1,      1,      1,      1,      1,      1,
              1,      1,      1,      1,      1,      1,      1,      1,      1,
              1,      1,      1,      1,      1,      1,      1,      1,      1,
              1,      1,      1,      1,      1,      1,      1,      1,      1,
              1,      1,      1,      1,      1,      1,      1,      1,      1,
              1,      1,      1,      1,      1,      1,      1,      1,      1,
              1,      1,      1,      1,      1,      1,      1,      1,      1,
              1,      1]], dtype=torch.int32), 'encoder_attention_mask': tensor([[1, 1, 1, 1, 1, 1, 1, 1, 1, 1, 1, 1, 1, 1, 1, 1, 1, 1, 1, 1, 1, 1, 1, 1,
         1, 0, 0, 0, 0, 0, 0, 0, 0, 0, 0, 0, 0, 0, 0, 0, 0, 0, 0, 0, 0, 0, 0, 0,
         0, 0, 0, 0, 0, 0, 0, 0, 0, 0, 0, 0, 0, 0, 0, 0, 0, 0, 0, 0, 0, 0, 0, 0,
         0, 0, 0, 0, 0, 0, 0, 0, 0, 0, 0, 0, 0, 0, 0, 0, 0, 0, 0, 0, 0, 0, 0, 0,
         0, 0, 0, 0, 0, 0, 0, 0, 0, 0, 0, 0, 0, 0, 0, 0, 0, 0, 0, 0, 0, 0, 0, 0,
         0, 0, 0, 0, 0, 0, 0, 0],
        [1, 1, 1, 1, 1, 1, 1, 1, 1, 1, 1, 1, 1, 1, 1, 1, 1, 1, 1, 1, 1, 1, 0, 0,
         0, 0, 0, 0, 0, 0, 0, 0, 0, 0, 0, 0, 0, 0, 0, 0, 0, 0, 0, 0, 0, 0, 0, 0,
         0, 0, 0, 0, 0, 0, 0, 0, 0, 0, 0, 0, 0, 0, 0, 0, 0, 0, 0, 0, 0, 0, 0, 0,
         0, 0, 0, 0, 0, 0, 0, 0, 0, 0, 0, 0, 0, 0, 0, 0, 0, 0, 0, 0, 0, 0, 0, 0,
         0, 0, 0, 0, 0, 0, 0, 0, 0, 0, 0, 0, 0, 0, 0, 0, 0, 0, 0, 0, 0, 0, 0, 0,
         0, 0, 0, 0, 0, 0, 0, 0]], dtype=torch.int32), 'decoder_input_ids': tensor([[250003, 250054, 149240,   5180,    541,  20634,   1783,   4180,  19619,
            491,   1529,  18770, 135961,   1681,    644,    745, 109236,    191,
           1845,  29089,     53,     23, 157512, 117286,  41955,      5,      2,
              1,      1,      1,      1,      1,      1,      1,      1,      1,
              1,      1,      1,      1,      1,      1,      1,      1,      1,
              1,      1,      1,      1,      1,      1,      1,      1,      1,
              1,      1,      1,      1,      1,      1,      1,      1,      1,
              1,      1,      1,      1,      1,      1,      1,      1,      1,
              1,      1,      1,      1,      1,      1,      1,      1,      1,
              1,      1,      1,      1,      1,      1,      1,      1,      1,
              1,      1,      1,      1,      1,      1,      1,      1,      1,
              1,      1,      1,      1,      1,      1,      1,      1,      1,
              1,      1,      1,      1,      1,      1,      1,      1,      1,
              1,      1,      1,      1,      1,      1,      1,      1,      1,
              1,      1],
        [250008, 250054,  19597,     96,     26,  63610, 179252,      4,     96,
             26,  67543,  12546,  84750,  22786,      7,  48807,      7,     82,
          84750,  22786,      7,     10,   6951,   8493,      5,      2,      1,
              1,      1,      1,      1,      1,      1,      1,      1,      1,
              1,      1,      1,      1,      1,      1,      1,      1,      1,
              1,      1,      1,      1,      1,      1,      1,      1,      1,
              1,      1,      1,      1,      1,      1,      1,      1,      1,
              1,      1,      1,      1,      1,      1,      1,      1,      1,
              1,      1,      1,      1,      1,      1,      1,      1,      1,
              1,      1,      1,      1,      1,      1,      1,      1,      1,
              1,      1,      1,      1,      1,      1,      1,      1,      1,
              1,      1,      1,      1,      1,      1,      1,      1,      1,
              1,      1,      1,      1,      1,      1,      1,      1,      1,
              1,      1,      1,      1,      1,      1,      1,      1,      1,
              1,      1]], dtype=torch.int32), 'decoder_attention_mask': tensor([[1, 1, 1, 1, 1, 1, 1, 1, 1, 1, 1, 1, 1, 1, 1, 1, 1, 1, 1, 1, 1, 1, 1, 1,
         1, 1, 1, 0, 0, 0, 0, 0, 0, 0, 0, 0, 0, 0, 0, 0, 0, 0, 0, 0, 0, 0, 0, 0,
         0, 0, 0, 0, 0, 0, 0, 0, 0, 0, 0, 0, 0, 0, 0, 0, 0, 0, 0, 0, 0, 0, 0, 0,
         0, 0, 0, 0, 0, 0, 0, 0, 0, 0, 0, 0, 0, 0, 0, 0, 0, 0, 0, 0, 0, 0, 0, 0,
         0, 0, 0, 0, 0, 0, 0, 0, 0, 0, 0, 0, 0, 0, 0, 0, 0, 0, 0, 0, 0, 0, 0, 0,
         0, 0, 0, 0, 0, 0, 0, 0],
        [1, 1, 1, 1, 1, 1, 1, 1, 1, 1, 1, 1, 1, 1, 1, 1, 1, 1, 1, 1, 1, 1, 1, 1,
         1, 1, 0, 0, 0, 0, 0, 0, 0, 0, 0, 0, 0, 0, 0, 0, 0, 0, 0, 0, 0, 0, 0, 0,
         0, 0, 0, 0, 0, 0, 0, 0, 0, 0, 0, 0, 0, 0, 0, 0, 0, 0, 0, 0, 0, 0, 0, 0,
         0, 0, 0, 0, 0, 0, 0, 0, 0, 0, 0, 0, 0, 0, 0, 0, 0, 0, 0, 0, 0, 0, 0, 0,
         0, 0, 0, 0, 0, 0, 0, 0, 0, 0, 0, 0, 0, 0, 0, 0, 0, 0, 0, 0, 0, 0, 0, 0,
         0, 0, 0, 0, 0, 0, 0, 0]], dtype=torch.int32), 'decoder_labels': tensor([[-100, -100, -100, -100, -100, -100, -100, -100, -100, -100, -100, -100,
         -100, -100, -100, -100, -100, -100, -100, -100, -100, -100, -100, -100,
         -100, -100, -100, -100, -100, -100, -100, -100, -100, -100, -100, -100,
         -100, -100, -100, -100, -100, -100, -100, -100, -100, -100, -100, -100,
         -100, -100, -100, -100, -100, -100, -100, -100, -100, -100, -100, -100,
         -100, -100, -100, -100, -100, -100, -100, -100, -100, -100, -100, -100,
         -100, -100, -100, -100, -100, -100, -100, -100, -100, -100, -100, -100,
         -100, -100, -100, -100, -100, -100, -100, -100, -100, -100, -100, -100,
         -100, -100, -100, -100, -100, -100, -100, -100, -100, -100, -100, -100,
         -100, -100, -100, -100, -100, -100, -100, -100, -100, -100, -100, -100,
         -100, -100, -100, -100, -100, -100, -100, -100],
        [-100, -100, -100, -100, -100, -100, -100, -100, -100, -100, -100, -100,
         -100, -100, -100, -100, -100, -100, -100, -100, -100, -100, -100, -100,
         -100, -100, -100, -100, -100, -100, -100, -100, -100, -100, -100, -100,
         -100, -100, -100, -100, -100, -100, -100, -100, -100, -100, -100, -100,
         -100, -100, -100, -100, -100, -100, -100, -100, -100, -100, -100, -100,
         -100, -100, -100, -100, -100, -100, -100, -100, -100, -100, -100, -100,
         -100, -100, -100, -100, -100, -100, -100, -100, -100, -100, -100, -100,
         -100, -100, -100, -100, -100, -100, -100, -100, -100, -100, -100, -100,
         -100, -100, -100, -100, -100, -100, -100, -100, -100, -100, -100, -100,
         -100, -100, -100, -100, -100, -100, -100, -100, -100, -100, -100, -100,
         -100, -100, -100, -100, -100, -100, -100, -100]], dtype=torch.int32), 'cls_label': tensor([1, 1], dtype=torch.int32)}
{'encoder_input_ids': tensor([[250005,   1572, 105576,    166,   1483,      8,    520,  90399,     67,
             22,   2349,    113, 221641,    849,     10,    220,  15636,  34205,
           6604,    456,  82116,    849,     21,    377,    596,    146,  46491,
          13684,    147,      5,      2,      1,      1,      1,      1,      1,
              1,      1,      1,      1,      1,      1,      1,      1,      1,
              1,      1,      1,      1,      1,      1,      1,      1,      1,
              1,      1,      1,      1,      1,      1,      1,      1,      1,
              1,      1,      1,      1,      1,      1,      1,      1,      1,
              1,      1,      1,      1,      1,      1,      1,      1,      1,
              1,      1,      1,      1,      1,      1,      1,      1,      1,
              1,      1,      1,      1,      1,      1,      1,      1,      1,
              1,      1,      1,      1,      1,      1,      1,      1,      1,
              1,      1,      1,      1,      1,      1,      1,      1,      1,
              1,      1,      1,      1,      1,      1,      1,      1,      1,
              1,      1],
        [250025,      6, 108367,  36483,   3908, 112413,  12239,   2006,  15475,
           3508,  18732,  10783,   2920,   9056,   9186,   3300,  50861,   3987,
           3195,   6717, 117768,  12183,    470,    418,    630,   2489,    635,
             20,  59782,    470,    963,    630,   4046,    635,     16,    354,
         156451,  20018,    487,    132,   2920,   2008,  20018,   4624,     16,
             43, 108367,    264,  76307,     30,      2,      1,      1,      1,
              1,      1,      1,      1,      1,      1,      1,      1,      1,
              1,      1,      1,      1,      1,      1,      1,      1,      1,
              1,      1,      1,      1,      1,      1,      1,      1,      1,
              1,      1,      1,      1,      1,      1,      1,      1,      1,
              1,      1,      1,      1,      1,      1,      1,      1,      1,
              1,      1,      1,      1,      1,      1,      1,      1,      1,
              1,      1,      1,      1,      1,      1,      1,      1,      1,
              1,      1,      1,      1,      1,      1,      1,      1,      1,
              1,      1]], dtype=torch.int32), 'encoder_attention_mask': tensor([[1, 1, 1, 1, 1, 1, 1, 1, 1, 1, 1, 1, 1, 1, 1, 1, 1, 1, 1, 1, 1, 1, 1, 1,
         1, 1, 1, 1, 1, 1, 1, 0, 0, 0, 0, 0, 0, 0, 0, 0, 0, 0, 0, 0, 0, 0, 0, 0,
         0, 0, 0, 0, 0, 0, 0, 0, 0, 0, 0, 0, 0, 0, 0, 0, 0, 0, 0, 0, 0, 0, 0, 0,
         0, 0, 0, 0, 0, 0, 0, 0, 0, 0, 0, 0, 0, 0, 0, 0, 0, 0, 0, 0, 0, 0, 0, 0,
         0, 0, 0, 0, 0, 0, 0, 0, 0, 0, 0, 0, 0, 0, 0, 0, 0, 0, 0, 0, 0, 0, 0, 0,
         0, 0, 0, 0, 0, 0, 0, 0],
        [1, 1, 1, 1, 1, 1, 1, 1, 1, 1, 1, 1, 1, 1, 1, 1, 1, 1, 1, 1, 1, 1, 1, 1,
         1, 1, 1, 1, 1, 1, 1, 1, 1, 1, 1, 1, 1, 1, 1, 1, 1, 1, 1, 1, 1, 1, 1, 1,
         1, 1, 1, 0, 0, 0, 0, 0, 0, 0, 0, 0, 0, 0, 0, 0, 0, 0, 0, 0, 0, 0, 0, 0,
         0, 0, 0, 0, 0, 0, 0, 0, 0, 0, 0, 0, 0, 0, 0, 0, 0, 0, 0, 0, 0, 0, 0, 0,
         0, 0, 0, 0, 0, 0, 0, 0, 0, 0, 0, 0, 0, 0, 0, 0, 0, 0, 0, 0, 0, 0, 0, 0,
         0, 0, 0, 0, 0, 0, 0, 0]], dtype=torch.int32), 'decoder_input_ids': tensor([[250005, 250054,   1572, 105576,    166,   1483,      8,    520,  90399,
             67,     22,   2349,    113, 221641,    849,     10,    220,  15636,
          34205,   6604,    456,  82116,    849,     21,    377,    596,    146,
          46491,  13684,    147,      5,      2,      1,      1,      1,      1,
              1,      1,      1,      1,      1,      1,      1,      1,      1,
              1,      1,      1,      1,      1,      1,      1,      1,      1,
              1,      1,      1,      1,      1,      1,      1,      1,      1,
              1,      1,      1,      1,      1,      1,      1,      1,      1,
              1,      1,      1,      1,      1,      1,      1,      1,      1,
              1,      1,      1,      1,      1,      1,      1,      1,      1,
              1,      1,      1,      1,      1,      1,      1,      1,      1,
              1,      1,      1,      1,      1,      1,      1,      1,      1,
              1,      1,      1,      1,      1,      1,      1,      1,      1,
              1,      1,      1,      1,      1,      1,      1,      1,      1,
              1,      1],
        [250025, 250056,      6, 108367,  36483,   3908, 112413,  12239,   2006,
          15475,   3508,  18732,  10783,   2920,   9056,   9186,   3300,  50861,
           3987,   3195,   6717, 117768,  12183,    470,    418,    630,   2489,
            635,     20,  59782,    470,    963,    630,   4046,    635,     16,
            354,   2920,   2008,  20018,   4624,    132,  49203,     53,    365,
           6402,     16,     43, 108367,    264,  76307,     30,      2,      1,
              1,      1,      1,      1,      1,      1,      1,      1,      1,
              1,      1,      1,      1,      1,      1,      1,      1,      1,
              1,      1,      1,      1,      1,      1,      1,      1,      1,
              1,      1,      1,      1,      1,      1,      1,      1,      1,
              1,      1,      1,      1,      1,      1,      1,      1,      1,
              1,      1,      1,      1,      1,      1,      1,      1,      1,
              1,      1,      1,      1,      1,      1,      1,      1,      1,
              1,      1,      1,      1,      1,      1,      1,      1,      1,
              1,      1]], dtype=torch.int32), 'decoder_attention_mask': tensor([[1, 1, 1, 1, 1, 1, 1, 1, 1, 1, 1, 1, 1, 1, 1, 1, 1, 1, 1, 1, 1, 1, 1, 1,
         1, 1, 1, 1, 1, 1, 1, 1, 0, 0, 0, 0, 0, 0, 0, 0, 0, 0, 0, 0, 0, 0, 0, 0,
         0, 0, 0, 0, 0, 0, 0, 0, 0, 0, 0, 0, 0, 0, 0, 0, 0, 0, 0, 0, 0, 0, 0, 0,
         0, 0, 0, 0, 0, 0, 0, 0, 0, 0, 0, 0, 0, 0, 0, 0, 0, 0, 0, 0, 0, 0, 0, 0,
         0, 0, 0, 0, 0, 0, 0, 0, 0, 0, 0, 0, 0, 0, 0, 0, 0, 0, 0, 0, 0, 0, 0, 0,
         0, 0, 0, 0, 0, 0, 0, 0],
        [1, 1, 1, 1, 1, 1, 1, 1, 1, 1, 1, 1, 1, 1, 1, 1, 1, 1, 1, 1, 1, 1, 1, 1,
         1, 1, 1, 1, 1, 1, 1, 1, 1, 1, 1, 1, 1, 1, 1, 1, 1, 1, 1, 1, 1, 1, 1, 1,
         1, 1, 1, 1, 1, 0, 0, 0, 0, 0, 0, 0, 0, 0, 0, 0, 0, 0, 0, 0, 0, 0, 0, 0,
         0, 0, 0, 0, 0, 0, 0, 0, 0, 0, 0, 0, 0, 0, 0, 0, 0, 0, 0, 0, 0, 0, 0, 0,
         0, 0, 0, 0, 0, 0, 0, 0, 0, 0, 0, 0, 0, 0, 0, 0, 0, 0, 0, 0, 0, 0, 0, 0,
         0, 0, 0, 0, 0, 0, 0, 0]], dtype=torch.int32), 'decoder_labels': tensor([[-100, -100, -100, -100, -100, -100, -100, -100, -100, -100, -100, -100,
         -100, -100, -100, -100, -100, -100, -100, -100, -100, -100, -100, -100,
         -100, -100, -100, -100, -100, -100, -100, -100, -100, -100, -100, -100,
         -100, -100, -100, -100, -100, -100, -100, -100, -100, -100, -100, -100,
         -100, -100, -100, -100, -100, -100, -100, -100, -100, -100, -100, -100,
         -100, -100, -100, -100, -100, -100, -100, -100, -100, -100, -100, -100,
         -100, -100, -100, -100, -100, -100, -100, -100, -100, -100, -100, -100,
         -100, -100, -100, -100, -100, -100, -100, -100, -100, -100, -100, -100,
         -100, -100, -100, -100, -100, -100, -100, -100, -100, -100, -100, -100,
         -100, -100, -100, -100, -100, -100, -100, -100, -100, -100, -100, -100,
         -100, -100, -100, -100, -100, -100, -100, -100],
        [-100, -100, -100, -100, -100, -100, -100, -100, -100, -100, -100, -100,
         -100, -100, -100, -100, -100, -100, -100, -100, -100, -100, -100, -100,
         -100, -100, -100, -100, -100, -100, -100, -100, -100, -100, -100, -100,
         -100, -100, -100, -100, -100, -100, -100, -100, -100, -100, -100, -100,
         -100, -100, -100, -100, -100, -100, -100, -100, -100, -100, -100, -100,
         -100, -100, -100, -100, -100, -100, -100, -100, -100, -100, -100, -100,
         -100, -100, -100, -100, -100, -100, -100, -100, -100, -100, -100, -100,
         -100, -100, -100, -100, -100, -100, -100, -100, -100, -100, -100, -100,
         -100, -100, -100, -100, -100, -100, -100, -100, -100, -100, -100, -100,
         -100, -100, -100, -100, -100, -100, -100, -100, -100, -100, -100, -100,
         -100, -100, -100, -100, -100, -100, -100, -100]], dtype=torch.int32), 'cls_label': tensor([1, 1], dtype=torch.int32)}
